0	7	14	21	28	35	42	49	56	63	70	77	84	91	98	105	112	119	126	133	140	147	154	161	168
-0.291385889	-0.409541816	-0.102495663	0.12599133	0.286378354	0.228314862	0.237268388	0.285436869	0.117516547	0.055361483	-0.128817812	-0.324843437	-0.371131957	-0.316929668	-0.091746062	0.104989387	0.240304604	0.227962777	0.27271232	0.198672265	0.154188097	-0.262461782	-0.059638869	-0.117925726	-0.137638629
-0.319378376	-0.436307579	0.145655051	0.424782962	0.424748242	0.342641294	0.151687503	0.022863656	-0.185745567	-0.248958603	-0.4574444	-0.711402535	-0.679846108	-0.344969958	-0.066322751	0.01158121	0.142654732	0.012125041	-0.017547667	-0.064996727	-0.112637304	0.197089642	-0.158377424	-0.073826529	-0.220932558
-0.391886711	-0.584595323	-0.119674265	0.326981187	0.408614159	0.348011315	0.310909867	0.219846368	0.110525563	0.00918089	-0.189268351	-0.304207563	-0.418153584	-0.300838947	-0.010797252	0.181469575	0.291494668	0.196707979	0.286162108	0.245425299	0.139848098	-0.290767878	-0.187387556	-0.251107663	-0.212377161
-0.561571538	-0.540597618	-0.31138438	-0.167092502	0.188416421	0.2108735	0.273197949	0.298776358	0.233831868	0.159802184	0.030232705	-0.148148805	-0.270318747	-0.335728318	-0.253573924	-0.16809918	0.090944156	0.172086135	0.229653135	0.180709973	0.077054188	-0.162454024	-0.009032377	-0.18906647	-0.075905882
-0.861384809	-0.967719793	-1.004696965	-0.684112489	-0.168051109	0.157291487	0.315512031	0.176833421	0.16541113	-0.052419853	-0.304148614	-0.534501553	-0.789693892	-0.847903669	-0.726885259	-0.366054952	-0.012030292	0.182141006	0.20314078	0.158894181	0.134472698	0.001645195	-0.056060009	-0.132689193	-0.221081629
-0.893294752	-0.896790326	-0.937272251	-0.645635128	-0.139274254	0.180697575	0.30757314	0.175736368	0.137579739	-0.047602918	-0.277766019	-0.510256827	-0.715111494	-0.826694846	-0.689874172	-0.401593447	0.004241859	0.180083215	0.213933349	0.11452359	0.056635048	-0.05988536	-0.074680954	-0.152781874	-0.271103889
-0.691094875	-0.818806589	-0.766700864	-0.590827286	-0.159591511	0.15063794	0.32394734	0.257460535	0.142114222	-0.0867704	-0.338807225	-0.533004403	-0.650458455	-0.744056583	-0.648780584	-0.369888067	0.05019781	0.146389216	0.195925087	0.157112718	0.090012983	0.026257645	-0.077836163	-0.060053479	-0.181506127
-0.602452636	-0.651940882	-0.616495669	-0.497299463	-0.059019607	0.200605929	0.292995513	0.196937978	0.107648671	-0.050008204	-0.268410981	-0.417700976	-0.511208117	-0.583731175	-0.523062885	-0.29247573	0.044137798	0.178055391	0.222547323	0.151842862	0.114177398	-0.136954978	-0.078307398	-0.083207786	-0.173855066
-0.548335075	-0.659992278	-0.21471782	0.31613338	0.309246779	0.201083094	0.073702298	0.00315067	-0.12475954	-0.214055136	-0.417361796	-0.55400902	-0.676164806	-0.503754616	-0.065747075	0.179760769	0.22801891	0.2312406	0.171106607	0.126250193	0.035818607	-0.324201316	-0.218759164	-0.328373969	-0.25370428
-0.395004779	-0.62777555	-0.113268346	0.270452678	0.470240504	0.431635827	0.290161073	0.123100936	-0.042729415	-0.090201765	-0.225197539	-0.37951231	-0.412714541	-0.186151236	0.04900603	0.17614238	0.207810655	0.183697239	0.145974428	0.067418367	0.058604993	-0.128535688	-0.123739801	-0.218566537	-0.144214883
-0.000863638	0.166628972	0.185486794	0.406992406	0.368874222	0.450572014	0.405561566	0.462238282	0.307302326	0.201108769	0.060054932	-0.079523243	-0.183776423	-0.182384983	0.14336279	0.334900945	0.477229714	0.481483877	0.468746573	0.460540265	0.249499902	-0.021223763	0.051891379	0.017315339	-0.029487051
-0.314875692	-0.329870462	0.047957353	0.310298473	0.364425987	0.305682629	0.162824109	0.08590579	-0.118000008	-0.189485371	-0.333251089	-0.42636916	-0.342837781	-0.134080783	0.060285982	0.207281679	0.197147027	0.180308491	0.111771017	0.024036357	-0.121886216	-0.220051318	-0.177359417	-0.199764967	-0.144166634
-0.306969136	-0.199344054	-0.061074831	-0.088766806	0.102830738	0.10530889	0.14593114	0.198597163	0.286809653	0.106247433	0.100159831	-0.020203529	-0.106388524	-0.146954119	-0.088069171	-0.035401061	0.018161431	0.106000006	0.126300708	0.173942938	0.131199613	-0.035141133	0.053102769	-0.165102109	-0.009583104
-0.406151593	-0.464607894	0.190662906	0.423409969	0.498237848	0.410214484	0.220620319	0.176129147	-0.117007829	-0.26968956	-0.473474026	-0.651753962	-0.619292796	-0.276815713	-0.031494308	0.123218797	0.225511476	0.112150446	0.002041789	0.011340993	-0.138268158	-0.222088933	-0.242953241	-0.196446821	-0.270127296
-0.235469341	-0.306302697	0.006311917	0.149341434	0.277578056	0.298097342	0.286896914	0.189539552	0.135862574	0.096939877	-0.006656385	-0.352510989	-0.498455048	-1.116480112	-0.124115996	-0.006672524	0.094823152	0.170406237	0.193672195	0.174299359	0.183424473	0.088439181	0.026252724	-0.11709246	-0.144306392
-0.183911651	-0.24897711	0.043798264	0.35041666	0.426262081	0.344016075	0.22705859	0.032202397	-0.10817498	-0.171563014	-0.235068426	-0.630462945	-0.401382297	-0.153381914	0.091813199	0.210285351	0.221616074	0.145256862	0.104817383	-0.012785722	-0.05416261	-0.149083197	-0.085302129	-0.156683311	-0.155429184
-0.801985443	-0.827643931	-0.02293795	0.438346863	0.507529497	0.379855454	0.11485488	0.006014493	-0.142638758	-0.30505839	-0.398923188	-0.584602296	-0.679033518	-0.407641619	0.006252418	0.217279822	0.158377603	0.098972961	0.007074173	-0.05985336	-0.089249902	0.139702871	-0.164024964	-0.209618568	-0.217976257
-0.831329346	-0.898118496	-0.795672178	-0.555531263	-0.1070804	0.21647343	0.357122898	0.262113363	0.144196004	-0.067162134	-0.275646061	-0.509471774	-0.637724757	-0.732366264	-0.63391614	-0.35550645	0.046658371	0.164880261	0.261109173	0.187311649	0.105275698	-0.093187518	-0.042841453	-0.110005222	-0.244873807
-0.882107437	-1.008751154	-0.88709271	-0.588265479	-0.050433662	0.252656907	0.371539444	0.23587732	0.189029798	-0.025970105	-0.272465825	-0.487151504	-0.64683032	-0.729772687	-0.53807199	-0.260082215	0.078705348	0.267682135	0.281671077	0.182503104	0.189468369	-0.081708752	-0.066224605	-0.077412248	-0.201642007
-0.308334023	-0.36226067	-0.298811913	-0.226114392	-0.16581656	-0.033806101	0.060194902	0.17527841	0.180823296	0.192259267	0.140616849	0.075206675	-0.044961434	-0.194597915	-0.258516669	-0.254399419	-0.141781107	0.011335041	0.175615251	0.150604934	0.228339538	0.058605626	0.154092044	0.073430188	0.004243295
-0.088164136	-0.031407449	0.138211832	0.386420488	0.462901294	0.467336088	0.330431163	0.306171566	0.171453849	-0.007597461	-0.19925788	-0.334763944	-0.267027348	-0.013573127	0.201080293	0.334891021	0.340478122	0.339999616	0.290156692	0.206434876	0.064759217	-0.178790033	-0.186002523	-0.175908044	-0.109039567
-0.557767391	-0.635155618	-0.536922932	-0.398364514	-0.075929619	0.142819241	0.241192743	0.17043747	0.096775219	-0.058737006	-0.242904499	-0.391257703	-0.502815425	-0.581511259	-0.47883606	-0.231988102	0.028118966	0.21749787	0.231208593	0.195697576	0.121981584	-0.089675479	-0.079316057	-0.118337534	-0.188500747
-0.643674254	-0.589681149	-0.476321489	0.213169843	0.491123289	0.531832695	0.47411105	0.287202179	0.169244051	0.048865046	-0.116963536	-0.264481872	-0.324028611	-0.341793537	-0.017303888	0.309898466	0.429736763	0.436835617	0.399578095	0.322782248	0.21965678	-0.257349879	-0.067643218	-0.10793107	-0.11314223
-0.302144617	-0.205911383	0.261054516	0.427664727	0.363210797	0.255599976	-0.002793962	0.018209193	-0.132748097	-0.156556785	-0.208522752	-0.418392748	-0.100525007	-0.116374783	0.129853606	0.273147196	0.23567842	0.238839045	0.043891534	-0.033131376	-0.141331807	-0.200655058	-0.309343875	-0.596542776	-0.223964185
-0.242272988	-0.455699116	-0.115948834	0.152812585	0.219045207	0.156752184	0.110641107	0.026531691	-0.072997481	-0.145480633	-0.272867352	-0.417138159	-0.526817501	-0.409582555	-0.097077005	0.124767363	0.149791047	0.141262263	0.160537481	0.107397191	0.019898538	-0.453606129	-0.127745688	-0.273962081	-0.201817527
-0.902954996	-1.063444734	-0.424345434	0.247538045	0.62857914	0.624003172	0.575302959	0.457351148	0.333593398	0.197487637	-0.018914651	-0.302369833	-0.500300765	-0.46860677	-0.153562963	0.167846218	0.441788793	0.440079778	0.415482104	0.329519212	0.050647348	0.006635346	0.046746895	-0.051340744	-0.093186818
-0.29846561	-0.205840603	0.256756753	0.413626403	0.371765882	0.115533605	0.010386575	0.034935851	-0.114907868	-0.216436967	-0.356639236	-0.380937606	-0.188121259	0.156348914	0.364865452	0.428508818	0.245307654	0.177099541	0.061457899	-0.035400778	-0.15439944	-0.572654128	-0.228011787	-0.18829906	-0.014717753
-0.900882125	-0.984144807	-0.867550969	-0.549926341	-0.055614561	0.274520278	0.344929993	0.237552255	0.16729705	-0.01980328	-0.222570688	-0.458433032	-0.612180769	-0.718442082	-0.572290599	-0.244107708	0.089365766	0.205153331	0.238171294	0.203535572	0.163662508	0.026722422	-0.052315798	-0.105262548	-0.205251113
0.053773187	-0.192881599	0.133115962	0.320826411	0.424265057	0.362230569	0.252272844	0.215526953	0.050491639	-0.098016225	-0.178214073	-0.266801715	-0.237163827	-0.139175236	0.075674176	0.201947227	0.205193311	0.178930864	0.091994368	0.053787641	0.029667484	-0.103578657	-0.09100619	-0.117305413	-0.090359673
-0.320172995	-0.35067606	-0.080220506	0.173242077	0.29620707	0.143402174	0.042467795	0.013684892	-0.084332921	-0.107520811	-0.247072086	-0.31689775	-0.275856137	-0.165018678	-0.038404319	0.074481346	0.089830443	0.062268496	-0.064356662	-0.049945414	-0.059360761	-0.314180255	-0.219614312	-0.257654458	-0.131850854
0.070641995	0.078724913	-0.105592564	-0.03638817	0.075855374	0.284315795	0.329442501	0.421054065	0.291497797	0.224558488	0.122620657	0.135669082	-0.15516001	-0.14194946	-0.099696524	0.030125827	0.206504613	0.285578221	0.344224095	0.399044365	0.152923018	0.137088716	0.089096598	0.116605915	0.038217425
0.197104842	0.149756029	0.330883801	0.310763449	0.043071844	-0.189668372	-0.290371239	-0.311968476	-0.445542693	-0.265543908	-0.159732312	0.012588385	0.224489853	0.25459376	0.265305072	0.25399679	0.071846187	-0.116708919	-0.213868648	-0.239360169	-0.18414323	-0.277650923	-0.048060749	0.038161524	0.136791796
-0.166552469	-0.402861267	-0.388035297	-0.36705032	-0.152866527	0.002180638	0.17521961	0.211273968	0.268934131	0.174287796	0.152882204	-0.007693386	-0.072198533	-0.133636937	-0.134140357	-0.084404782	-0.03031446	0.125072762	0.141016722	0.195128501	0.208886996	0.239066467	0.251579374	0.134650618	0.066650465
0.016516341	-0.062939838	0.05502943	-0.046722479	-0.144628629	-0.107198902	-0.00698466	0.310335904	0.364512622	0.403480858	0.441196322	0.440252543	0.329659104	0.163142487	0.046071727	-0.146636665	-0.115926452	-0.088248372	0.080768533	0.221949309	0.259528846	0.510959208	0.365711778	0.462313771	0.319343388
-0.18177183	-0.079968236	-0.102537289	-0.354929	-0.391236991	-0.473304451	-0.431471705	-0.307107478	-0.191541299	-0.132473275	0.160221592	0.216513842	0.238280758	0.280576944	0.148880288	-0.013188412	-0.096853808	-0.269123763	-0.434330314	-0.324327231	-0.261701077	0.254923284	0.048108783	0.229060546	0.259061635
-0.060882729	-0.210155264	0.230400056	0.393514365	0.455992997	0.341358274	0.162795961	0.079427846	-0.01054856	-0.146825165	-0.321163297	-0.336379707	-0.297358573	-0.070434205	0.134266272	0.21942547	0.200139538	0.168275118	0.029492362	-0.037786178	-0.064275347	0.070716701	-0.054911405	-0.15094167	-0.106497608
-0.154056326	-0.161689296	0.011304474	0.01129595	-0.084698364	-0.189725235	-0.268396139	-0.294435442	-0.252092272	-0.10864678	0.107495464	0.320045441	0.426227957	0.329805464	0.211071074	0.057927001	-0.102435947	-0.280597389	-0.434538215	-0.438408464	-0.306940347	-0.040176719	0.05627086	0.252994746	0.176348284
-0.284997374	-0.275455058	-0.054810748	0.145905092	0.261758745	0.271688461	0.172937974	0.073863879	-0.042532038	-0.080549285	-0.139041156	-0.260928899	-0.307474077	-0.241010189	-0.07236883	0.041704483	0.0798418	0.057647456	0.096496426	0.059836213	-0.000826445	0.100270107	-0.016329255	-0.050042741	-0.085201263
0.04034045	-0.051087961	-0.196896568	-0.277377367	-0.175157905	-0.172445059	-0.08716964	0.012238507	0.197608009	0.355660617	0.278768033	0.314358324	0.257797599	0.169189349	0.033293843	-0.020503864	-0.084535554	-0.09409409	-0.092184313	0.041906297	0.169547245	0.131243005	0.294160545	0.224343732	0.210802421
-0.163008079	-0.226303399	0.239386454	0.446439028	0.498471141	0.399565846	0.254177153	0.069740333	-0.024828529	-0.032426264	-0.124994479	-0.24746348	-0.296226144	-0.096566826	0.0789847	0.243352175	0.144820482	0.19531168	0.046682503	-0.042434152	0.06635537	-0.293254137	-0.072692208	-0.151773006	-0.114004396
-0.510709465	-0.578298688	-0.34104979	0.001198728	0.237050325	0.276888698	0.09819153	0.09079393	-0.022207713	-0.152448773	-0.234566614	-0.433514118	-0.646554411	-0.416529298	-0.194836646	0.026277529	0.064605191	0.086848304	0.005037078	-0.03880531	-0.034838751	0.067150593	-0.261884064	-0.294263691	-0.280072659
0.018914638	-0.116343886	0.152417481	0.338098526	0.457735509	0.343676806	0.220082656	0.121153913	0.066865161	-0.021819031	-0.250855565	-0.273479641	-0.26837936	-0.046148125	0.122928001	0.183212832	0.237241283	0.224551097	0.182263658	0.08325655	0.108103357	0.050387602	-0.017924637	-0.034484539	-0.036130209
-0.178258643	-0.249666527	0.244719178	0.440647304	0.36956951	0.21514222	0.017188164	-0.028287163	-0.115331881	-0.203680888	-0.350696236	-0.335220039	-0.28963545	-0.074294537	0.131899759	0.219072029	0.130289286	0.072971426	0.040686376	-0.045190424	-0.022892404	-0.139815643	-0.143382967	-0.141099691	-0.103986092
0.084915549	-0.172186509	0.213240027	0.386155874	0.412557721	0.333856553	0.158055648	0.194690108	-0.006634016	-0.174342156	-0.266420215	-0.34849909	-0.226646617	-0.040264212	0.100388415	0.194622159	0.147965103	0.138894871	0.042702854	0.023728872	0.00310405	-0.164567992	-0.121673703	-0.103989743	-0.120432906
-0.187967598	-0.194698289	0.182902724	0.426266849	0.429113805	0.314509273	0.193038717	0.021629462	-0.063164651	-0.08239311	-0.238112196	-0.294859082	-0.247033909	-0.068000302	0.11525052	0.233004451	0.1927232	0.102628939	0.001103359	0.004752094	0.028209118	-0.188706592	-0.041755363	-0.129089251	-0.071793422
-0.064326942	-0.053485483	-0.144780457	-0.279973865	-0.161064714	-0.212062463	-0.101351343	0.04828601	0.329639077	0.380570412	0.437451154	0.433192521	0.416663408	0.243344337	0.089638516	-0.00431183	-0.063370675	-0.108803287	-0.029177535	0.113526613	0.276687235	0.151940197	0.336979926	0.271427304	0.270988673
-0.261008441	-0.413713872	0.105467618	0.386424363	0.481380194	0.472137213	0.41264838	0.245592371	0.09591502	0.024061045	-0.202711344	-0.332007587	-0.386766225	-0.125240147	0.093223825	0.223359913	0.264044792	0.242829457	0.276411921	0.150476113	0.10336037	-0.002417867	0.008697352	-0.136720002	-0.097799875
-0.14229694	-0.449483365	0.035891112	0.395003527	0.404170692	0.306363225	0.253219724	0.214345634	0.141954228	0.102819547	-0.011939419	-0.245422423	-0.167722061	-0.087747671	0.175632387	0.313107967	0.359393269	0.359542698	0.239498228	0.247583926	0.190211892	-0.395389974	0.013571451	-0.029688234	-0.024413072
-0.361174196	-0.398260146	0.183540389	0.322166801	0.353283018	0.307255477	0.210192099	0.18407625	0.076594211	-0.082950272	-0.163410202	-2	-0.306242734	-0.076615796	0.111290023	0.097539604	0.16018945	0.189953789	0.229698077	0.083996356	0.017861085	0.19114618	-0.025248172	-0.012342709	-0.060038351
-0.171322078	0.026000056	0.335334718	0.445083112	-0.047326606	0.389133602	0.285160691	0.235594094	0.054165069	0.034170419	-0.074436955	-0.229612619	-0.272250652	-0.055164687	0.145531803	0.265468478	0.253499091	0.205719829	0.247896388	0.140437037	0.077341065	0.041693762	0.051261161	-0.007432429	0.017903714
-0.128378272	0.097895213	0.76742512	0.7534374	0.465849787	0.271458358	0.051642306	0.069464013	-0.154546619	-0.111904033	-0.147508442	-0.232698634	-0.054970656	0.23171106	0.404957086	0.40911907	0.269206405	0.1911048	0.116498001	-0.015724201	-0.01915893	-0.092112042	-0.155032486	-0.085495703	0.05925234
-0.332716465	-0.442176193	0.04028789	0.244937673	0.419182479	0.309399456	0.169028178	-0.009960188	-0.056028701	-0.211153284	-0.32209903	-0.471348047	-0.403116614	-0.177989781	0.094464682	0.193559587	0.212519616	0.152424485	0.078929536	-0.011502717	-0.031755321	-0.100051671	-0.147002667	-0.205725014	-0.186582223
-0.626464307	-0.195005164	-0.225903392	-0.203233853	-0.093471438	-0.021700641	-0.001305292	0.013656497	-0.053370725	-0.104577608	-0.199905142	-0.320909709	-0.427457631	-0.524002731	-0.343142957	-0.194408491	0.108526327	0.13271302	0.166004896	0.187032297	-0.192250982	0.088714883	-0.008176045	-0.097849973	-0.159158811
-0.547874153	0.159112558	0.264982849	0.103213847	-0.315707177	-0.375526279	-0.57065779	-0.464383692	-0.662931025	-0.600908637	-0.588167846	-0.247255981	0.041196059	0.2975097	0.41585663	0.289155483	0.228372857	-0.008491534	-0.110131763	-0.146872714	-0.564230025	-0.44346866	-0.420435518	-0.241343439	-0.002622176
-0.050791036	0.000956313	0.35929364	0.219369456	0.019105472	-0.100614443	-0.192028135	-0.135998696	-0.215462133	-0.240663812	-0.140861139	0.016124573	0.186435163	0.316447109	0.245454148	0.174056277	0.09360569	-0.061820459	-0.167591631	-0.12690714	-0.189439043	0.007341196	-0.124648325	0.009681965	0.083486132
-0.108963914	-0.093629956	0.230417043	0.185940921	-0.082288876	-0.340164602	-0.406686992	-0.347003877	-0.373318285	-0.280322522	-0.057057094	0.12697123	0.272830188	0.246985376	0.229844645	0.147920147	0.030228505	-0.127153486	-0.219544321	-0.249825746	-0.211363003	-0.645381331	-0.113257796	-0.01604815	0.093300216
0.391231537	0.30029586	0.079692386	-0.039882191	-0.136558101	-0.396512449	-0.493528903	-0.529775024	-0.439318985	-0.390397638	-0.376102209	-0.216355279	-0.079343624	0.06066303	0.090337642	0.020190164	-0.118736059	-0.177007288	-0.299615145	-0.423520654	-0.321638465	-0.475216478	-0.134103298	-0.024472168	0.030987602
-0.1029405	-0.017057043	0.21278438	0.16919671	-0.044607848	-0.186187044	-0.285206527	-0.312780976	-0.325616211	-0.302472234	-0.204254895	-0.078846708	0.072279178	0.163445741	0.206353724	0.16333659	0.021281473	-0.067011841	-0.195260629	-0.219541699	-0.308353007	-0.104656197	-0.089806482	0.023197619	-0.002515596
-0.528408229	-0.199607	-0.203515455	-0.031837624	0.053993244	0.175566703	0.234614134	0.279652387	0.248504177	0.291557163	0.19393611	0.140251428	0.03935479	-0.094330087	-0.147523016	-0.124566518	0.031031083	0.095678456	0.239560351	0.222409695	0.211689353	-0.044843797	0.151345387	0.073726147	0.040182464
-0.226883635	-0.327361286	-0.016685344	0.23153618	0.346209258	0.382618964	0.274404317	0.230515197	0.030899713	-0.095784068	-0.223611474	-0.481518745	-0.332795113	-0.159375846	0.090074882	0.191620201	0.246327981	0.217312306	0.179990798	0.116350696	0.028237158	0.061419562	-0.079037517	-0.072862513	-0.099947713
-0.269748807	-0.320059121	0.478093624	0.662676811	0.505421162	0.342006773	0.307050973	0.285125196	0.14966929	0.103981741	-0.005210815	-0.020416951	-0.190135106	0.069307096	0.435691595	0.440922141	0.407880426	0.383572251	0.333937794	0.304264039	0.115732029	0.018099561	0.05412988	-0.037924882	0.036462676
-0.249790281	-0.334398806	-0.015984334	0.323748142	0.382154137	0.281484634	0.168376103	0.003260133	-0.10107778	-0.329384625	-0.266177833	-0.285255164	-0.290455312	-0.134557575	0.039474785	0.115559354	0.163793087	0.095109008	0.023750881	-0.036989328	-0.054360915	-0.183716714	-0.128099084	-0.245942652	-0.140465006
-0.271157652	-0.221144855	0.181580722	0.376696199	0.330357611	0.222587079	0.089502454	-0.05512213	-0.138606146	-0.104864627	-0.176172212	-0.264231175	-0.173796475	-0.057637025	0.060632233	0.095457889	0.085270204	0.047320791	0.011366009	-0.002074972	0.011614429	0.054236177	-0.092989206	0.021209445	-0.0857272
-0.120053642	-0.305707246	-0.091214515	0.173683733	0.295810312	0.339157343	0.267953068	0.08395531	-0.017014829	-0.090685472	-0.150859371	-0.276191622	-0.259034008	-0.12300124	0.09115985	0.180917442	0.18678318	0.205611557	0.157064617	0.08813563	0.080217883	-0.078092426	-0.044114869	-0.059550114	-0.114871271
-0.377925336	-0.382928014	-0.218540713	-0.029934101	0.098953217	0.170140147	0.197712675	0.209117472	0.120970137	0.093684934	0.011270274	-0.222300679	-0.265965283	-0.270258039	-0.133891463	-0.074620001	0.084156327	0.145584673	0.163843364	0.159764126	0.148808509	0.106772751	0.075409442	0.097853638	-0.038364872
-0.051287111	-0.116284676	0.144721553	0.281260282	0.313265383	0.236479059	0.116258927	-0.015031413	-0.089994147	-0.112172805	-0.165223271	-0.207636029	-0.156348854	-0.055063356	0.087715507	0.167406231	0.154518843	0.06211995	0.062233727	0.008662946	-0.015130763	0.100684717	-0.020074084	-0.012438702	-0.041727062
-0.13378571	-0.099154867	-0.200238451	-0.243352711	-0.032966573	0.071052849	0.120220974	0.076858051	0.111143544	0.09444344	0.112795308	-0.113959938	-0.542749167	-0.108535931	-0.144686639	-0.13765569	0.004242987	0.012073433	0.020039506	0.084515184	0.022002127	0.246507406	-0.026032079	-0.150979593	-0.055283215
-0.059001491	0.037787151	-0.140616924	0.136705831	0.350649446	0.168576852	0.137795419	-0.049586531	0.017728651	-0.057248075	-0.084724538	-0.14904277	-0.069335692	-0.152435213	0.013381984	0.079544209	0.127959132	0.113208547	0.086773649	0.04164936	0.063888378	-0.370443165	-0.004329765	-0.076468028	-0.045934916
-0.73122412	-0.80106473	0.215887055	0.570929945	0.570328414	0.44917208	0.187039733	0.092985459	-0.149590313	-0.241625816	-0.548390269	-0.703402698	-0.709338665	-0.369165659	0.090323135	0.288228154	0.292847723	0.127191693	0.046914268	0.013291763	-0.066357464	-0.359861255	-0.302822024	-0.340896338	-0.262001038
-0.059735335	-0.123748131	-0.020930728	0.07960783	0.149117306	0.184446633	0.21371384	0.153707475	0.160103619	0.061671943	0.028272426	-0.064548001	-0.173527107	-0.10296727	0.011874949	0.029131688	0.097069897	0.071475871	0.144788176	0.085214302	0.047728047	0.197525293	0.038926918	-0.090654947	0.055395939
0.001263776	0.023953468	-0.07255204	-0.115501352	-0.291859001	-0.221097261	-0.257348299	-0.20692575	-0.152967826	-0.122913316	-0.053418119	0.03798382	0.108527295	0.189356715	0.095332578	0.028825805	-0.093040355	-0.215898499	-0.289260596	-0.252331674	-0.251963764	-0.062080853	0.010365243	-0.0042092	0.034645788
0.098752655	-0.090769276	0.359138727	0.508497715	0.554744721	0.312428176	0.146134839	0.136203453	0.099223182	-0.09230189	0.002509164	-0.126121059	-0.142908081	-0.001909659	0.27907747	0.398300022	0.309900612	0.284277707	0.072491199	0.347220749	0.112425283	-0.034457523	0.022086866	-0.16941677	0.019838398
-0.145552442	0.041135453	0.168221772	0.164421827	-0.00999984	-0.269118637	-0.436749965	-0.412881047	-0.244026288	-0.058462381	0.075009786	0.242420465	0.320137352	0.340851218	0.188930243	0.071923532	-0.113395907	-0.21675843	-0.309252501	-0.28416875	-0.125431225	-0.187249214	0.071008623	0.111275315	0.195005
-0.293836206	-0.198888898	0.51728785	0.764866293	0.685266972	0.426827341	0.247259364	0.143829465	0.042119294	-0.08796522	-0.22611928	-0.302058041	-0.402845085	-0.069165885	0.235873684	0.301268905	0.276162058	0.118335918	0.13064073	0.058032554	0.09530627	-0.055153668	0.023910105	0.011409885	-0.043608654
-0.153995946	-0.223077118	0.088736825	0.303675801	0.319170833	0.341861546	0.197655574	0.122791842	0.037738361	0.00049471	-0.110754162	-0.14551267	-0.228144795	-0.12165007	0.079100661	0.140473723	0.180857807	0.145850435	0.172079966	0.061698038	0.099548399	-0.062482022	-0.027691523	-0.114198163	-0.085876577
0.061506115	-0.050017618	0.123071298	0.255674541	0.436743677	0.388020784	0.316457003	0.316669971	0.217809543	0.117512442	-0.036730222	-0.112531424	-0.165591523	-0.051728435	0.152355045	0.089354515	0.184513226	0.23685126	0.230471566	0.180058658	0.121893495	0.050492562	0.083813362	0.023640236	0.032538481
0.052016553	0.041850306	0.134010047	0.10125605	-0.139197603	-0.265349329	-0.370102614	-0.322012842	-0.333525151	-0.21793212	-0.137519956	-0.099788986	0.015998794	0.029277243	0.071994335	-0.072374396	-0.189110071	-0.303712577	-0.351166546	-0.23325555	-0.177582309	-0.180057347	-0.050795052	0.10979598	0.136593044
-0.282048553	0.061356232	-0.066437304	-0.210496366	-0.35823372	-0.508551836	-0.581361949	-0.482129365	-0.574087024	-0.511709034	-0.566438675	-0.255206615	0.192176223	0.401102036	0.410587132	0.271864504	0.165645883	-0.107916497	-0.279663742	-0.372673839	-0.466891319	-0.531478941	-0.328585595	-0.024213798	0.114902087
-0.137327358	-0.254936069	-0.314887077	-0.271723092	-0.139066905	0.028615831	0.188462243	0.205004782	0.225594193	0.257105976	0.259510696	0.190551102	0.099700116	-0.028219314	-0.097297728	-0.096490659	-0.058561873	0.008702071	0.202590868	0.167304069	0.2551094	-0.024231972	0.115087897	0.090764269	0.039311897
-0.298007369	-0.393686771	-0.260683447	-0.117103308	0.063746467	0.085385561	0.173835397	0.106249459	0.13468799	0.09484496	0.097470693	-0.038533207	-0.118245862	-0.170326531	-0.161039233	-0.043596577	-0.026778143	0.05292099	0.129915491	0.147964001	0.19613871	-0.11118146	0.123776443	0.050553396	-0.0090997
-0.12481302	-0.217114508	-0.183609873	-0.013131659	-0.063472614	0.088472039	0.143885702	0.068188854	0.214444324	0.191663951	0.168763354	0.107593507	-0.006396391	-0.069220737	-0.121554546	-0.084190451	0.019785076	0.084612936	0.137469858	0.145475358	0.185225129	0.145310119	0.11880371	-0.023819873	0.010193842
-0.110631146	-0.130249217	0.036638342	0.188163787	0.222491637	0.142339706	0.056403413	-0.058968693	-0.031936687	-0.208846584	-0.171534047	-0.258838534	-0.185436279	-0.045443676	0.043901131	0.146794006	0.106916301	0.00779182	-0.027463328	-0.073456779	-0.06874267	-0.195694014	-0.188141704	-0.247967079	-0.084527791
0.179190978	0.074443273	0.377944648	0.449706614	0.264231592	0.17535378	0.101843581	-0.120662101	-0.135896221	-0.194754317	-0.020171531	0.096263334	0.298798561	0.282124132	0.352238834	0.355817169	0.152354062	0.079036713	-0.008405963	-0.013886014	-0.034930367	0.096176721	-0.026810136	0.050108329	0.147454396
0.145404324	0.075388812	0.111376122	0.095094331	-0.027269211	-0.207382038	-0.2876091	-0.262587279	-0.245557681	-0.119764224	0.026804833	0.099675752	0.16899401	0.131297886	0.121721536	0.004263238	-0.109190293	-0.164285541	-0.176921234	-0.258119643	0.123918839	-0.153585672	0.519792616	-0.110297412	-0.006542556
-0.165498033	-0.205063343	0.045389958	0.255732596	0.267007083	0.211781561	0.0743258	-0.0306149	-0.096703969	-0.158357844	-0.361160368	-0.263000637	-0.274266869	-0.163793147	0.046690732	0.114594221	0.082034469	0.038171958	-0.005406404	-0.044439837	-0.06727691	-0.100201517	-0.125839368	-0.226862207	-0.147009894
-0.226145715	-0.48935163	-0.194302917	0.117823578	0.314825147	0.321603924	0.194481477	0.138713703	0.073111847	-0.049709898	-0.16395767	-0.280459315	-0.31760782	-0.256217092	-0.09741164	0.049321972	0.211978301	0.219179496	0.175704792	0.122270674	0.115098387	-0.049235422	0.008575343	-0.062214427	-0.095322609
0.123206556	0.192522049	0.216931507	0.064098463	-0.009378933	-0.209696055	-0.263121754	-0.208617449	-0.16375272	-0.056551766	0.07504651	0.217687249	0.353123486	0.257708758	0.191703245	0.04590328	-0.011547746	-0.107825376	-0.131695882	-0.181511551	-0.106835716	0.067590281	-0.01932358	0.059480839	0.102697447
0.056731783	-0.130474046	-0.057801202	-0.08394818	-0.121930361	-0.078767568	-0.071268469	-0.017086471	0.089605622	0.178119943	0.307068944	0.339234054	0.390077591	0.116019361	0.068009429	-0.021260897	-0.058506835	-0.162057221	-0.174663141	-0.008948153	0.076471366	0.028013602	0.190401122	0.233285889	0.192837611
-0.166267484	-0.285168648	-0.245945111	-0.280287653	-0.296693564	-0.290705055	-0.318486422	-0.195058376	-0.113867804	0.066337735	0.285007805	0.357498825	0.399396956	0.275596499	0.199155524	0.052620776	-0.100592844	-0.20743157	-0.273065418	-0.222611353	-0.070438862	-9.78E-05	0.200644687	0.199359357	0.201525465
-0.151708722	-0.197372332	-0.119967543	-0.042017855	0.078117773	0.176958337	0.170834616	0.163083211	0.140091255	0.128169268	0.100037225	-0.052903231	-0.13410306	-0.08236701	-0.02376092	-0.021504568	-0.007797344	0.024557091	0.066175461	0.069183014	0.143301353	0.068930544	0.009159752	-0.036088802	-0.023373934
-0.094301336	-0.02236641	-0.034780473	-0.040102784	-0.003916082	0.128607571	0.218444511	0.133264214	0.253175944	0.147965804	0.144296661	0.011070109	-0.057576135	-0.118815549	-0.133777782	-0.081373595	0.058800552	0.076253466	0.12722005	0.188528553	0.224039674	0.122611098	0.150710881	0.10736011	0.012353202
-0.286060244	-0.440863073	-0.395756066	-0.400899947	-0.378391624	-0.287047416	-0.184085801	-0.03517504	0.095329255	0.223473564	0.283058763	0.315777421	0.457971305	0.198999807	0.001985722	-0.119934209	-0.166893646	-0.201470733	-0.151838765	-0.059942652	0.151609808	0.010514697	0.138038039	0.109222934	0.13023667
-0.399786085	-0.22152178	-0.216651037	-0.156808168	0.003095671	0.023287524	0.053310894	0.158517152	0.085350514	0.036295176	-0.019680345	-0.190252513	-0.378121257	-0.362227529	-0.23738502	-0.081399731	0.021767162	0.061238669	0.06790743	0.077448718	-0.298520148	-0.06167794	-0.076156296	-0.25679934	-0.279710025
-0.196803585	-0.42359674	0.032602124	0.347339958	0.50293982	0.44622469	0.264505565	0.058803264	-0.061133862	-0.198709697	-0.358091474	-0.541063905	-0.463738233	-0.259847641	0.034386143	0.198958814	0.214727908	0.17082046	0.027942149	-0.04566573	-0.045633439	-0.184495807	-0.148365349	-0.22976321	-0.166436821
-0.056164991	-0.002564495	-0.13650085	-0.186509579	-0.208752677	-0.223441213	-0.203710184	-0.081800461	0.04789611	0.174903125	0.277653277	0.305643231	0.219216973	0.188528255	0.016181937	-0.083726861	-0.138161942	-0.185221776	-0.184403703	-0.066477031	0.056079708	-0.165783227	0.018218923	0.010042912	0.072562166
-0.154057682	-0.140219539	0.120718733	0.332723647	0.339590401	0.199829981	0.10350354	0.010115703	0.176068679	-0.143978611	-0.140442371	-0.140176535	-0.088698916	-0.000927682	0.063681103	0.114425108	0.069193915	0.047667	0.007133814	-0.066768214	-0.04764197	-0.143146277	-0.095176458	-0.123164415	-0.122042216
-0.414105058	-0.356858164	-0.364418089	-0.277890205	-0.395466209	-0.440338433	-0.40782401	-0.250052422	-0.019013947	0.194730386	0.355501831	0.43217963	0.442899346	0.313221544	0.17949532	0.023480274	-0.128239706	-0.292829514	-0.324839711	-0.156111896	0.069307447	-0.44231984	0.027472943	-0.001472272	0.193353221
-0.655592859	-0.593882144	-0.666281581	-0.43497783	-0.15547435	-0.03910239	0.060079414	0.12812911	0.094659112	0.022284968	-0.019159606	-0.102657802	-0.182369694	-0.227490649	-0.233307466	-0.174287245	0.044292901	0.095357768	0.172347352	0.173786998	0.015799649	-0.194297373	0.069431938	-0.016251801	0.019881327
0.040712584	-0.135392815	0.134699419	0.315592319	0.413788796	0.347198933	0.256732494	0.079503119	-0.003662082	-0.015718753	-0.140144154	-0.28126356	-0.258239418	-0.141436562	-0.001487753	0.208910912	0.182947367	0.144606978	0.114768356	0.115751945	0.03940893	-0.250092566	-0.10545975	-0.172865346	-0.091894105